%YAML:1.0

#--------------------------------------------------------------------------------------------
# Camera Parameters. Adjust them!
#--------------------------------------------------------------------------------------------

# Camera calibration and distortion parameters (OpenCV) 
Camera.fx: 349.19995117187500000
Camera.fy: 349.19995117187500000
Camera.cx: 317.06176757812500000
Camera.cy: 247.31799316406250000

Camera.k1: 0.0
Camera.k2: 0.0
Camera.p1: 0.0
Camera.p2: 0.0

Camera.width: 640
Camera.height: 480

# Camera frames per second 
Camera.fps: 10.0

# stereo baseline times fx baseline*fx    bf * ThDepth / fx 决定了点的深度范围
Camera.bf: 36.900683594

# Color order of the images (0: BGR, 1: RGB. It is ignored if images are grayscale)
Camera.RGB: 1

# Close/Far threshold. Baseline times.   有效深度距离4.2m
ThDepth: 35

#--------------------------------------------------------------------------------------------
# Stereo Rectification. Only if you need to pre-rectify the images.
# Camera.fx, .fy, etc must be the same as in LEFT.P
#--------------------------------------------------------------------------------------------
LEFT.height: 480
LEFT.width: 640
LEFT.D: !!opencv-matrix
   rows: 1
   cols: 5
   dt: d
   data: [-0.29413604736328125, 0.07481384277343750, -0.00009155273437500, 0.00077056884765625, 0.00000000000000000]
LEFT.K: !!opencv-matrix
   rows: 3
   cols: 3
   dt: d
   data: [354.61187744140625000, 0.0,319.47625732421875000, 0.0, 354.61746215820312500, 249.72694396972656250, 0.0, 0.0, 1.0]
LEFT.R:  !!opencv-matrix
   rows: 3
   cols: 3
   dt: d
   data: [0.99998223781585693, -0.00013625621795654, 0.00595283508300781, 0.00013780593872070, 0.99999988079071045, 
          -0.00026679039001465, -0.00595283508300781, 0.00026762485504150, 0.99998223781585693]
LEFT.P:  !!opencv-matrix
   rows: 3
   cols: 4
   dt: d
   data: [349.19995117187500000, 0.0, 317.06176757812500000, 0.0, 0.0, 349.19995117187500000, 247.31799316406250000,
          0.0, 0.0, 0.0, 1.0, 0.0]

RIGHT.height: 480
RIGHT.width: 640
RIGHT.D: !!opencv-matrix
   rows: 1
   cols: 5
   dt: d
   data: [-0.29414749145507812, 0.07667541503906250, 0.00003433227539062, -0.00006103515625000, 0.00000000000000000]
RIGHT.K: !!opencv-matrix
   rows: 3
   cols: 3
   dt: d
   data: [354.00677490234375000, 0.0, 321.77539062500000000, 0.0, 354.01843261718750000, 249.69726562500000000, 0.0, 0.0, 1.0]
RIGHT.R:  !!opencv-matrix
   rows: 3
   cols: 3
   dt: d
   data: [0.99996900558471680, -0.00197792053222656, 0.00760889053344727, 0.00197589397430420, 0.99999797344207764, 
          0.00027465820312500, -0.00760936737060547, -0.00025963783264160, 0.99997091293334961]
RIGHT.P:  !!opencv-matrix
   rows: 3
   cols: 4
   dt: d
   data: [349.19995117187500000, 0.00000000000000000, 317.06176757812500000, -36.900683594, 0.0, 349.19995117187500000, 
          247.31799316406250000, 0.0, 0.0, 0.0, 1.0, 0.0]

#--------------------------------------------------------------------------------------------
# ORB Parameters
#--------------------------------------------------------------------------------------------

# ORB Extractor: Number of features per image
ORBextractor.nFeatures: 800

# ORB Extractor: Scale factor between levels in the scale pyramid 	
ORBextractor.scaleFactor: 1.2

# ORB Extractor: Number of levels in the scale pyramid	
ORBextractor.nLevels: 8

# ORB Extractor: Fast threshold
# Image is divided in a grid. At each cell FAST are extracted imposing a minimum response.
# Firstly we impose iniThFAST. If no corners are detected we impose a lower value minThFAST
# You can lower these values if your images have low contrast			
ORBextractor.iniThFAST: 20
ORBextractor.minThFAST: 7

#--------------------------------------------------------------------------------------------
# Viewer Parameters
#--------------------------------------------------------------------------------------------
Viewer.KeyFrameSize: 0.05
Viewer.KeyFrameLineWidth: 1
Viewer.GraphLineWidth: 0.9
Viewer.PointSize:2
Viewer.CameraSize: 0.08
Viewer.CameraLineWidth: 3
Viewer.ViewpointX: 0
Viewer.ViewpointY: -0.7
Viewer.ViewpointZ: -1.8
Viewer.ViewpointF: 500

